0,273
0,270
89,52
89,51
89,50
89,49
89,48
89,47
89,46
89,45
89,44
89,43
89,42
89,41
89,40
89,39
89,38
89,37
89,36
89,35
10,143
10,111
10,305
10,91
10,161
10,77
10,147
10,67
10,2
10,3
11,23
11,21
11,2
9,7
8,16
8,17
8,6
8,13
8,10
8,18
19,1
19,3
2,2
2,1
2,3
72,4
72,3
72,2
72,1
72,0
71,3
71,2
71,1
71,0
70,3
70,2
70,1
70,0
69,6
69,5
69,4
69,3
69,2
69,1
69,0
68,3
68,2
68,1
68,0
67,3
67,2
67,1
67,0
66,4
66,3
66,2
66,1
66,0
65,4
65,3
65,2
65,1
65,0
64,5
64,4
64,3
64,2
64,1
64,0
63,8
63,7
63,6
63,5
63,4
63,3
63,2
63,1
63,0
55,5
55,3
55,1
53,5
53,3
53,1
50,4
50,3
50,1
41,4
41,3
41,2
41,1
39,3
39,1
36,4
36,3
36,1
30,3
30,1
20,3
20,2
